0.453655
0.30194
0.182032
0.0621212
7.10758e-05
4.18852e-05
3.48787e-05
2.15323e-05
1.72117e-05
9.59225e-06
9.2881e-06
9.22543e-06
6.73099e-06
4.2115e-06
4.02275e-06
4.00146e-06
3.47631e-06
2.99266e-06
1.42695e-06
1.06448e-06
9.56697e-07
7.95265e-07
7.93149e-07
7.23092e-07
6.25609e-07
6.18735e-07
5.06915e-07
4.50193e-07
4.31088e-07
3.71167e-07
3.09849e-07
2.80629e-07
2.72189e-07
2.32237e-07
2.06187e-07
1.56924e-07
1.51162e-07
1.34136e-07
1.28616e-07
1.15298e-07
1.06126e-07
1.05475e-07
1.02868e-07
7.48513e-08
6.40857e-08
4.96617e-08
4.52589e-08
4.03513e-08
2.99234e-08
2.80979e-08
2.3206e-08
2.29293e-08
1.77135e-08
1.66176e-08
1.48898e-08
1.44579e-08
1.3171e-08
1.14583e-08
1.07733e-08
9.60292e-09
9.46922e-09
9.39277e-09
9.04387e-09
9.00711e-09
8.45886e-09
8.37272e-09
8.27e-09
8.17733e-09
8.07894e-09
7.68304e-09
7.64162e-09
7.57831e-09
7.50627e-09
6.85623e-09
6.49692e-09
6.4954e-09
6.21292e-09
6.18834e-09
5.7198e-09
5.56263e-09
4.95776e-09
4.8231e-09
4.46449e-09
3.95668e-09
3.91855e-09
3.46073e-09
3.22144e-09
3.07847e-09
2.96575e-09
2.87363e-09
2.74155e-09
2.68403e-09
2.58924e-09
2.52603e-09
2.51857e-09
2.39678e-09
2.08707e-09
2.06837e-09
2.06401e-09
2.03718e-09
1.97338e-09
1.95024e-09
1.94505e-09
1.87845e-09
1.84589e-09
1.84374e-09
1.81136e-09
1.79904e-09
1.79025e-09
1.74364e-09
1.71653e-09
1.67209e-09
1.65512e-09
1.645e-09
1.61035e-09
1.55459e-09
1.50594e-09
1.48159e-09
1.466e-09
1.35894e-09
1.32151e-09
1.31149e-09
1.2644e-09
1.2603e-09
1.26026e-09
1.15786e-09
1.14268e-09
1.12443e-09
1.10771e-09
1.09511e-09
1.0695e-09
1.06699e-09
1.06448e-09
1.06351e-09
1.05175e-09
1.02901e-09
1.01007e-09
9.99223e-10
9.67177e-10
9.52826e-10
9.32502e-10
9.0539e-10
9.0493e-10
8.92097e-10
8.67432e-10
8.6254e-10
8.59574e-10
8.5475e-10
8.48625e-10
8.09184e-10
8.06138e-10
7.73866e-10
7.5993e-10
7.55345e-10
7.50784e-10
7.49872e-10
7.3335e-10
7.23449e-10
7.17946e-10
7.16932e-10
7.14959e-10
7.08618e-10
7.02778e-10
6.94002e-10
6.86776e-10
6.62022e-10
6.61133e-10
6.56167e-10
6.53629e-10
6.49029e-10
6.27034e-10
6.2425e-10
6.09922e-10
6.04781e-10
5.97202e-10
5.94793e-10
5.8732e-10
5.80899e-10
5.64113e-10
5.52135e-10
5.50805e-10
5.49273e-10
5.45232e-10
5.33354e-10
5.26412e-10
5.25694e-10
5.24103e-10
5.16746e-10
5.14843e-10
5.1482e-10
5.11083e-10
5.09038e-10
5.03559e-10
4.97235e-10
4.93309e-10
4.91436e-10
4.89864e-10
4.84965e-10
4.82686e-10
4.7942e-10
4.79157e-10
4.74025e-10
4.73668e-10
4.57111e-10
4.57107e-10
4.46299e-10
4.45596e-10
4.42572e-10
4.41215e-10
4.40094e-10
4.28423e-10
4.20687e-10
4.18516e-10
4.0771e-10
4.07192e-10
4.03645e-10
4.0198e-10
3.98287e-10
3.9545e-10
3.94119e-10
3.94018e-10
3.92885e-10
3.87476e-10
3.75412e-10
3.73346e-10
3.73205e-10
3.70407e-10
3.69827e-10
3.63368e-10
3.5627e-10
3.46653e-10
3.41606e-10
3.39527e-10
3.29794e-10
3.29344e-10
3.25046e-10
3.24984e-10
3.21078e-10
3.12264e-10
3.11685e-10
3.08204e-10
3.07685e-10
3.07125e-10
3.0617e-10
3.02824e-10
2.97952e-10
2.94617e-10
2.9427e-10
2.91016e-10
2.90431e-10
2.88781e-10
2.88627e-10
2.87993e-10
2.87544e-10
2.87465e-10
2.85374e-10
2.80869e-10
2.80764e-10
2.7918e-10
2.77255e-10
2.74439e-10
2.71828e-10
2.7085e-10
2.64926e-10
2.64585e-10
2.6389e-10
2.59386e-10
2.58932e-10
2.57794e-10
2.56109e-10
2.55476e-10
2.54988e-10
2.54473e-10
2.51769e-10
2.48597e-10
2.4831e-10
2.48036e-10
2.42901e-10
2.41894e-10
2.34713e-10
2.32382e-10
2.16295e-10
2.14568e-10
2.10673e-10
2.05997e-10
2.03727e-10
2.03505e-10
2.02803e-10
2.0233e-10
2.01915e-10
2.0097e-10
1.9857e-10
1.98519e-10
1.98042e-10
1.9774e-10
1.9634e-10
1.94156e-10
1.93984e-10
1.92934e-10
1.90131e-10
1.86733e-10
1.85792e-10
1.83069e-10
1.79064e-10
1.7873e-10
1.77017e-10
1.76588e-10
1.72594e-10
1.71915e-10
1.71194e-10
1.7101e-10
1.7078e-10
1.69994e-10
1.69147e-10
1.68856e-10
1.68555e-10
1.67355e-10
1.66506e-10
1.66407e-10
1.65795e-10
1.63845e-10
1.62763e-10
1.60551e-10
1.59945e-10
1.59927e-10
1.57995e-10
1.57947e-10
1.57464e-10
1.57298e-10
1.55479e-10
1.54417e-10
1.54161e-10
1.5313e-10
1.53119e-10
1.52577e-10
1.52306e-10
1.50395e-10
1.46006e-10
1.45645e-10
1.44571e-10
1.44567e-10
1.43306e-10
1.42812e-10
1.42337e-10
1.42162e-10
1.41146e-10
1.40691e-10
1.40409e-10
1.38995e-10
1.38214e-10
1.38167e-10
1.37327e-10
1.37096e-10
1.37034e-10
1.36911e-10
1.35767e-10
1.35196e-10
1.34763e-10
1.33153e-10
1.32937e-10
1.32596e-10
1.32442e-10
1.31151e-10
1.29641e-10
1.28616e-10
1.28476e-10
1.27753e-10
1.27559e-10
1.25735e-10
1.25617e-10
1.25331e-10
1.24802e-10
1.24312e-10
1.24279e-10
1.23125e-10
1.23097e-10
1.22997e-10
1.22935e-10
1.20354e-10
1.17356e-10
1.15664e-10
1.14312e-10
1.1411e-10
1.1379e-10
1.13104e-10
1.1279e-10
1.12053e-10
1.11678e-10
1.10698e-10
1.10623e-10
1.08713e-10
1.07976e-10
1.0755e-10
1.07393e-10
1.07247e-10
1.05594e-10
1.05248e-10
1.05023e-10
1.02853e-10
1.00729e-10
1.00334e-10
9.84697e-11
9.73761e-11
9.73049e-11
9.72657e-11
9.69622e-11
9.64953e-11
9.59591e-11
9.44955e-11
9.42927e-11
9.32907e-11
9.31255e-11
9.21931e-11
9.20714e-11
9.20372e-11
9.17819e-11
9.15085e-11
9.13956e-11
8.98671e-11
8.98616e-11
8.97586e-11
8.94584e-11
8.93569e-11
8.85483e-11
8.75715e-11
8.68419e-11
8.68125e-11
8.6534e-11
8.61401e-11
8.59185e-11
8.45464e-11
8.35514e-11
8.34586e-11
8.33037e-11
8.32804e-11
8.21268e-11
8.2064e-11
8.18403e-11
8.06782e-11
8.00228e-11
7.91369e-11
7.86565e-11
7.79745e-11
7.71261e-11
7.70034e-11
7.67419e-11
7.64586e-11
7.6439e-11
7.62946e-11
7.61331e-11
7.60677e-11
7.53463e-11
7.48178e-11
7.45839e-11
7.39893e-11
7.35623e-11
7.27461e-11
7.23783e-11
7.20482e-11
7.20364e-11
7.08906e-11
7.07711e-11
7.05162e-11
7.02007e-11
6.98192e-11
6.96093e-11
6.88128e-11
6.83987e-11
6.82055e-11
6.76985e-11
6.69953e-11
6.64591e-11
6.64504e-11
6.58473e-11
6.55433e-11
6.53131e-11
6.46896e-11
6.45611e-11
6.45346e-11
6.44352e-11
6.42477e-11
6.42333e-11
6.41891e-11
6.30239e-11
6.27788e-11
6.2769e-11
6.27687e-11
6.26687e-11
6.18867e-11
6.11115e-11
6.10072e-11
6.00755e-11
5.92524e-11
5.87469e-11
5.81643e-11
5.81269e-11
5.77749e-11
5.74209e-11
5.73023e-11
5.68048e-11
5.67241e-11
5.66457e-11
5.58045e-11
5.5493e-11
5.53682e-11
5.51761e-11
5.46506e-11
5.44879e-11
5.44213e-11
5.41009e-11
5.38043e-11
5.32662e-11
5.31105e-11
5.30088e-11
5.28759e-11
5.27716e-11
5.141e-11
5.10959e-11
5.08532e-11
5.07793e-11
5.07235e-11
5.04924e-11
5.03257e-11
5.02984e-11
5.02463e-11
5.00627e-11
5.00554e-11
4.98159e-11
4.84887e-11
4.82648e-11
4.82071e-11
4.80519e-11
4.79673e-11
4.78499e-11
4.77831e-11
4.77564e-11
4.76783e-11
4.74836e-11
4.6553e-11
4.65331e-11
4.65071e-11
4.62954e-11
4.6069e-11
4.59583e-11
4.54046e-11
4.51875e-11
4.50067e-11
4.49788e-11
4.47868e-11
4.46947e-11
4.46441e-11
4.44114e-11
4.42851e-11
4.41328e-11
4.4112e-11
4.40905e-11
4.32839e-11
4.27838e-11
4.25435e-11
4.18937e-11
4.16553e-11
4.15869e-11
4.1315e-11
4.12334e-11
4.08488e-11
4.07682e-11
4.04225e-11
4.03919e-11
4.03701e-11
4.02629e-11
4.01688e-11
4.00261e-11
3.99535e-11
3.99366e-11
3.98025e-11
3.89982e-11
3.88342e-11
3.87539e-11
3.86098e-11
3.80638e-11
3.80496e-11
3.78729e-11
3.76847e-11
3.75883e-11
3.74418e-11
3.74219e-11
3.68434e-11
3.64648e-11
3.64403e-11
3.63179e-11
3.60241e-11
3.57435e-11
3.56912e-11
3.55186e-11
3.54666e-11
3.54529e-11
3.52634e-11
3.517e-11
3.50666e-11
3.5021e-11
3.48904e-11
3.47916e-11
3.44647e-11
3.41592e-11
3.4069e-11
3.36444e-11
3.35151e-11
3.33322e-11
3.30136e-11
3.29534e-11
3.29492e-11
3.28397e-11
3.26233e-11
3.26201e-11
3.25275e-11
3.22545e-11
3.1695e-11
3.16931e-11
3.16099e-11
3.15662e-11
3.14832e-11
3.13148e-11
3.12971e-11
3.12511e-11
3.11937e-11
3.10739e-11
3.10087e-11
3.08841e-11
3.0668e-11
3.06616e-11
3.06229e-11
3.05591e-11
3.03756e-11
3.01831e-11
3.01616e-11
2.9684e-11
2.93615e-11
2.91275e-11
2.90524e-11
2.79827e-11
2.7957e-11
2.78399e-11
2.76034e-11
2.74945e-11
2.74281e-11
2.73438e-11
2.71901e-11
2.7052e-11
2.70163e-11
2.6967e-11
2.65986e-11
2.61294e-11
2.59781e-11
2.58097e-11
2.57931e-11
2.57891e-11
2.53667e-11
2.5256e-11
2.50797e-11
2.50363e-11
2.48931e-11
2.48347e-11
2.47763e-11
2.47238e-11
2.45167e-11
2.45147e-11
2.43833e-11
2.40913e-11
2.39589e-11
2.38685e-11
2.38496e-11
2.37222e-11
2.36613e-11
2.36531e-11
2.29138e-11
2.29086e-11
2.28547e-11
2.27727e-11
2.25893e-11
2.25409e-11
2.22414e-11
2.21247e-11
2.2056e-11
2.20158e-11
2.17952e-11
2.15788e-11
2.15566e-11
2.14883e-11
2.14773e-11
2.13761e-11
2.12573e-11
2.1215e-11
2.10177e-11
2.08772e-11
2.07655e-11
2.069e-11
2.06641e-11
2.06631e-11
2.04868e-11
2.04686e-11
2.03383e-11
1.99939e-11
1.98746e-11
1.98632e-11
1.96038e-11
1.9579e-11
1.93866e-11
1.91227e-11
1.89947e-11
1.89787e-11
1.88788e-11
1.88308e-11
1.87545e-11
1.86613e-11
1.86327e-11
1.86088e-11
1.84001e-11
1.83346e-11
1.8296e-11
1.82132e-11
1.81538e-11
1.79754e-11
1.7906e-11
1.78831e-11
1.77186e-11
1.75065e-11
1.74678e-11
1.74531e-11
1.74272e-11
1.7395e-11
1.7287e-11
1.72302e-11
1.70828e-11
1.70537e-11
1.70019e-11
1.68429e-11
1.68125e-11
1.6668e-11
1.64951e-11
1.63545e-11
1.62218e-11
1.62098e-11
1.59532e-11
1.58961e-11
1.58794e-11
1.57493e-11
1.56487e-11
1.56084e-11
1.55723e-11
1.54635e-11
1.53851e-11
1.51242e-11
1.50982e-11
1.50929e-11
1.49275e-11
1.48403e-11
1.48187e-11
1.47852e-11
1.47692e-11
1.46661e-11
1.46034e-11
1.45247e-11
1.45129e-11
1.44983e-11
1.44661e-11
1.43828e-11
1.43592e-11
1.43492e-11
1.42871e-11
1.42717e-11
1.4265e-11
1.4186e-11
1.40703e-11
1.39524e-11
1.387e-11
1.37958e-11
1.3766e-11
1.36889e-11
1.36333e-11
1.3608e-11
1.35849e-11
1.35026e-11
1.3501e-11
1.34319e-11
1.32338e-11
1.31048e-11
1.30797e-11
1.29127e-11
1.28983e-11
1.28767e-11
1.284e-11
1.2805e-11
1.27146e-11
1.26663e-11
1.26022e-11
1.25371e-11
1.25357e-11
1.24742e-11
1.24077e-11
1.23267e-11
1.21539e-11
1.20897e-11
1.20051e-11
1.1948e-11
1.17977e-11
1.17551e-11
1.17501e-11
1.16965e-11
1.16521e-11
1.16336e-11
1.13784e-11
1.1316e-11
1.12993e-11
1.12899e-11
1.11986e-11
1.11733e-11
1.11545e-11
1.08715e-11
1.06935e-11
1.06465e-11
1.05883e-11
1.05787e-11
1.05687e-11
1.05593e-11
1.05582e-11
1.05122e-11
1.04969e-11
1.02939e-11
1.02453e-11
1.02099e-11
1.01573e-11
1.01128e-11
1.0059e-11
1.0004e-11
9.98533e-12
9.87567e-12
9.83436e-12
9.79181e-12
9.73645e-12
9.70603e-12
9.66994e-12
9.46059e-12
9.38867e-12
9.36445e-12
9.36253e-12
9.35237e-12
9.18678e-12
9.12985e-12
9.11881e-12
9.03684e-12
9.03522e-12
8.90132e-12
8.80453e-12
8.66945e-12
8.58095e-12
8.57515e-12
8.51367e-12
8.4433e-12
8.42363e-12
8.32209e-12
8.12908e-12
7.99426e-12
7.96332e-12
7.89125e-12
7.87765e-12
7.85195e-12
7.80945e-12
7.72501e-12
7.66377e-12
7.62802e-12
7.61967e-12
7.61134e-12
7.58335e-12
7.55846e-12
7.51896e-12
7.43674e-12
7.34593e-12
7.33557e-12
7.3023e-12
7.26007e-12
7.2406e-12
7.2235e-12
6.92383e-12
6.90002e-12
6.68597e-12
6.46093e-12
6.41347e-12
6.22615e-12
6.17136e-12
6.10017e-12
6.06691e-12
6.04432e-12
5.98061e-12
5.9597e-12
5.78425e-12
5.76615e-12
5.65539e-12
5.56076e-12
5.55107e-12
5.50728e-12
5.46556e-12
5.34098e-12
5.29006e-12
5.24622e-12
5.16522e-12
5.05007e-12
4.98067e-12
4.95824e-12
4.94683e-12
4.93589e-12
4.89499e-12
4.8924e-12
4.85338e-12
4.84143e-12
4.78876e-12
4.76976e-12
4.76079e-12
4.65127e-12
4.44799e-12
4.41092e-12
4.3728e-12
4.29885e-12
4.29554e-12
4.1923e-12
4.17996e-12
4.1122e-12
3.85775e-12
3.82041e-12
3.80573e-12
3.78937e-12
3.78716e-12
3.76937e-12
3.7488e-12
3.74197e-12
3.68425e-12
3.68135e-12
3.67664e-12
3.59059e-12
3.54243e-12
3.50535e-12
3.45056e-12
3.38153e-12
3.30869e-12
3.28573e-12
3.27768e-12
3.07484e-12
3.03145e-12
2.97043e-12
2.91151e-12
2.90021e-12
2.83622e-12
2.80593e-12
2.77566e-12
2.69518e-12
2.66053e-12
2.64501e-12
2.52871e-12
2.41726e-12
2.41315e-12
2.40669e-12
2.32881e-12
2.32878e-12
2.28731e-12
2.25709e-12
2.13871e-12
2.13061e-12
2.11735e-12
2.10432e-12
2.02969e-12
1.84376e-12
1.78957e-12
1.77519e-12
1.76639e-12
1.74353e-12
1.73849e-12
1.71702e-12
1.68055e-12
1.62594e-12
1.60552e-12
1.52762e-12
1.52617e-12
1.4881e-12
1.47406e-12
1.38046e-12
1.29297e-12
1.10749e-12
1.09451e-12
1.05571e-12
1.04374e-12
1.02496e-12
9.22491e-13
8.84957e-13
8.71548e-13
8.65214e-13
8.23171e-13
7.58665e-13
7.26384e-13
4.39725e-13
2.6201e-13
1.6494e-13
